0.0647 0.0352 0.0266 0.0737 
0.047 0.0392 0.0386 0.0724 
0.0541 0.0269 0.0257 0.0703 
0.0504 0.0284 0.0266 0.0749 
0.0509 0.0261 0.0268 0.0675 
0.05342 0.02886 0.03116 0.07176
0.0618 0.0316 0.0387 0.0717 
0.0462 0.0263 0.0257 0.0642 
0.0451 0.0256 0.0252 0.0638 
0.045 0.0254 0.0252 0.0652 
0.0449 0.0255 0.0253 0.0671 
0.0486 0.02802 0.02688 0.0664
0.0534 0.0325 0.0266 0.0648 
0.0461 0.027 0.0262 0.0647 
0.0463 0.0319 0.0266 0.0654 
0.0464 0.0263 0.0275 0.0642 
0.0455 0.0253 0.0266 0.0652 
0.04754 0.0267 0.0286 0.06486
